Multiple size <= 100
TEST 1 ARG:17 30 50 81 65 67 80 83 55 11 26 42 99 40 96 88 58 79 23 32 41 24 84 1 56 46 62 19 54 48 70 61 97 69 95 20 60 47 18 45 53 8 7 49 94 14 43 59 29 71 51 89 57 92 78 2 85 22 6 13 98 76 34 72 10 39 9 82 3 75 68 35 21 0 90 15 63 36 16 52 87 37 91 25 44 74 27 4 64 77 73 31 66 33 93 38 12 86 28 5 
TEST 1 ARG:17 30 50 81 65 67 80 83 55 11 26 42 99 40 96 88 58 79 23 32 41 24 84 1 56 46 62 19 54 48 70 61 97 69 95 20 60 47 18 45 53 8 7 49 94 14 43 59 29 71 51 89 57 92 78 2 85 22 6 13 98 76 34 72 10 39 9 82 3 75 68 35 21 0 90 15 63 36 16 52 87 37 91 25 44 74 27 4 64 77 73 31 66 33 93 38 12 86 28 5 
TEST 2 ARG:53 16 69 47 62 24 22 68 38 54 88 58 85 94 39 73 30 59 95 56 76 12 17 34 71 43 33 0 97 78 91 64 7 41 75 44 3 32 21 11 52 28 27 20 92 6 37 9 65 98 55 15 57 81 67 82 51 4 74 61 83 89 66 35 84 19 40 77 80 2 96 50 86 5 26 23 36 60 49 63 13 10 48 99 42 93 79 45 18 72 46 14 1 8 70 29 31 90 25 87 
TEST 2 ARG:53 16 69 47 62 24 22 68 38 54 88 58 85 94 39 73 30 59 95 56 76 12 17 34 71 43 33 0 97 78 91 64 7 41 75 44 3 32 21 11 52 28 27 20 92 6 37 9 65 98 55 15 57 81 67 82 51 4 74 61 83 89 66 35 84 19 40 77 80 2 96 50 86 5 26 23 36 60 49 63 13 10 48 99 42 93 79 45 18 72 46 14 1 8 70 29 31 90 25 87 
TEST 3 ARG:13 57 89 55 61 94 35 99 28 23 86 47 54 29 83 12 49 58 4 50 39 76 92 77 24 10 64 14 2 84 67 31 19 72 95 42 25 45 18 44 90 52 74 56 81 41 8 38 36 88 16 48 22 80 73 98 30 5 0 17 40 15 71 85 37 62 34 43 66 69 51 7 53 20 6 82 78 9 60 68 65 87 21 32 96 75 3 26 97 33 79 91 11 1 93 46 27 70 59 63 
TEST 3 ARG:13 57 89 55 61 94 35 99 28 23 86 47 54 29 83 12 49 58 4 50 39 76 92 77 24 10 64 14 2 84 67 31 19 72 95 42 25 45 18 44 90 52 74 56 81 41 8 38 36 88 16 48 22 80 73 98 30 5 0 17 40 15 71 85 37 62 34 43 66 69 51 7 53 20 6 82 78 9 60 68 65 87 21 32 96 75 3 26 97 33 79 91 11 1 93 46 27 70 59 63 
TEST 4 ARG:49 17 33 56 36 37 91 18 80 69 40 28 63 75 26 88 65 92 68 47 77 71 9 62 14 34 15 3 61 29 70 21 0 97 41 32 98 67 50 42 2 84 43 79 94 12 81 52 86 11 24 38 58 7 78 95 25 8 99 44 87 57 82 5 51 60 55 90 76 66 39 20 53 22 59 73 89 1 31 83 46 72 30 96 85 93 10 48 54 74 16 13 35 19 23 4 45 6 27 64 
TEST 4 ARG:49 17 33 56 36 37 91 18 80 69 40 28 63 75 26 88 65 92 68 47 77 71 9 62 14 34 15 3 61 29 70 21 0 97 41 32 98 67 50 42 2 84 43 79 94 12 81 52 86 11 24 38 58 7 78 95 25 8 99 44 87 57 82 5 51 60 55 90 76 66 39 20 53 22 59 73 89 1 31 83 46 72 30 96 85 93 10 48 54 74 16 13 35 19 23 4 45 6 27 64 
TEST 5 ARG:25 19 88 33 10 68 73 49 86 16 70 48 5 45 6 79 63 65 24 51 72 0 78 96 62 53 11 34 66 98 89 18 74 85 87 20 30 90 26 42 21 94 13 17 95 28 43 4 93 37 91 64 38 52 12 61 1 55 71 54 46 14 22 56 2 69 75 9 39 81 32 67 41 57 92 47 76 44 97 3 31 77 80 50 23 35 58 99 83 8 82 59 36 7 27 29 60 15 40 84 
TEST 5 ARG:25 19 88 33 10 68 73 49 86 16 70 48 5 45 6 79 63 65 24 51 72 0 78 96 62 53 11 34 66 98 89 18 74 85 87 20 30 90 26 42 21 94 13 17 95 28 43 4 93 37 91 64 38 52 12 61 1 55 71 54 46 14 22 56 2 69 75 9 39 81 32 67 41 57 92 47 76 44 97 3 31 77 80 50 23 35 58 99 83 8 82 59 36 7 27 29 60 15 40 84 
TEST 6 ARG:75 10 52 6 82 62 59 47 17 24 49 41 43 9 65 53 34 97 19 88 8 27 57 70 11 12 7 48 87 22 4 28 66 40 60 68 86 77 33 81 94 16 79 55 14 85 69 44 5 50 15 21 72 37 42 20 31 98 38 36 90 35 95 64 84 13 89 46 25 18 80 78 54 99 32 3 58 39 83 30 67 23 92 26 71 0 93 63 29 2 74 1 96 91 45 61 56 73 51 76 
TEST 6 ARG:75 10 52 6 82 62 59 47 17 24 49 41 43 9 65 53 34 97 19 88 8 27 57 70 11 12 7 48 87 22 4 28 66 40 60 68 86 77 33 81 94 16 79 55 14 85 69 44 5 50 15 21 72 37 42 20 31 98 38 36 90 35 95 64 84 13 89 46 25 18 80 78 54 99 32 3 58 39 83 30 67 23 92 26 71 0 93 63 29 2 74 1 96 91 45 61 56 73 51 76 
TEST 7 ARG:38 44 40 56 33 67 63 97 7 90 34 14 93 77 70 42 45 80 68 5 69 76 30 47 89 65 19 1 50 43 36 6 16 23 84 2 29 32 94 3 59 13 0 74 31 10 82 37 20 27 21 95 60 28 46 87 9 58 79 66 73 15 72 98 62 18 25 39 78 48 83 4 41 85 26 75 86 57 92 51 17 24 53 52 35 96 22 49 54 8 64 88 99 61 55 11 12 81 91 71 
TEST 7 ARG:38 44 40 56 33 67 63 97 7 90 34 14 93 77 70 42 45 80 68 5 69 76 30 47 89 65 19 1 50 43 36 6 16 23 84 2 29 32 94 3 59 13 0 74 31 10 82 37 20 27 21 95 60 28 46 87 9 58 79 66 73 15 72 98 62 18 25 39 78 48 83 4 41 85 26 75 86 57 92 51 17 24 53 52 35 96 22 49 54 8 64 88 99 61 55 11 12 81 91 71 
TEST 8 ARG:30 75 84 47 18 14 64 21 5 96 77 10 69 49 58 50 41 12 24 78 20 92 33 67 68 46 31 83 62 25 22 8 26 98 23 87 61 36 42 65 79 89 54 29 76 97 44 55 71 39 63 13 6 53 51 1 99 81 59 85 2 52 38 94 17 80 74 15 43 32 11 72 34 93 95 19 40 90 3 28 7 56 86 45 4 48 37 82 57 27 73 9 70 60 88 16 0 66 35 91 
TEST 8 ARG:30 75 84 47 18 14 64 21 5 96 77 10 69 49 58 50 41 12 24 78 20 92 33 67 68 46 31 83 62 25 22 8 26 98 23 87 61 36 42 65 79 89 54 29 76 97 44 55 71 39 63 13 6 53 51 1 99 81 59 85 2 52 38 94 17 80 74 15 43 32 11 72 34 93 95 19 40 90 3 28 7 56 86 45 4 48 37 82 57 27 73 9 70 60 88 16 0 66 35 91 
TEST 9 ARG:84 58 32 17 74 89 38 26 25 68 66 34 51 54 97 87 99 83 39 12 22 24 48 14 52 37 82 5 19 96 45 3 7 76 11 27 94 23 40 36 77 85 88 55 20 91 2 46 30 67 15 80 72 16 63 10 56 9 53 62 90 43 50 13 18 93 61 71 78 73 70 60 29 57 64 75 59 33 92 65 4 28 81 6 1 42 21 49 98 41 47 35 95 86 8 31 0 79 69 44 
TEST 9 ARG:84 58 32 17 74 89 38 26 25 68 66 34 51 54 97 87 99 83 39 12 22 24 48 14 52 37 82 5 19 96 45 3 7 76 11 27 94 23 40 36 77 85 88 55 20 91 2 46 30 67 15 80 72 16 63 10 56 9 53 62 90 43 50 13 18 93 61 71 78 73 70 60 29 57 64 75 59 33 92 65 4 28 81 6 1 42 21 49 98 41 47 35 95 86 8 31 0 79 69 44 
TEST 10 ARG:61 49 78 96 63 59 27 94 55 68 19 77 57 11 74 5 99 26 6 46 20 36 31 79 25 58 10 9 54 60 44 84 32 53 89 83 37 29 12 90 41 73 38 85 87 3 21 98 42 64 56 75 91 69 15 22 39 47 95 80 48 45 88 30 0 76 92 66 50 8 14 16 93 52 13 24 97 67 17 23 82 34 51 4 7 62 86 35 81 33 18 28 72 71 1 70 2 40 43 65 
TEST 10 ARG:61 49 78 96 63 59 27 94 55 68 19 77 57 11 74 5 99 26 6 46 20 36 31 79 25 58 10 9 54 60 44 84 32 53 89 83 37 29 12 90 41 73 38 85 87 3 21 98 42 64 56 75 91 69 15 22 39 47 95 80 48 45 88 30 0 76 92 66 50 8 14 16 93 52 13 24 97 67 17 23 82 34 51 4 7 62 86 35 81 33 18 28 72 71 1 70 2 40 43 65 
TEST 11 ARG:80 41 65 11 5 69 82 60 89 3 53 9 16 73 7 46 83 33 67 18 25 92 0 44 85 35 40 62 59 74 23 48 76 99 13 19 88 14 54 63 1 32 36 72 56 47 30 4 50 10 43 68 87 79 98 52 66 24 15 81 17 39 49 29 58 78 51 84 93 8 96 94 2 12 6 27 61 71 37 95 70 21 57 28 22 64 91 75 45 26 97 55 90 34 38 42 77 86 31 20 
TEST 11 ARG:80 41 65 11 5 69 82 60 89 3 53 9 16 73 7 46 83 33 67 18 25 92 0 44 85 35 40 62 59 74 23 48 76 99 13 19 88 14 54 63 1 32 36 72 56 47 30 4 50 10 43 68 87 79 98 52 66 24 15 81 17 39 49 29 58 78 51 84 93 8 96 94 2 12 6 27 61 71 37 95 70 21 57 28 22 64 91 75 45 26 97 55 90 34 38 42 77 86 31 20 
TEST 12 ARG:28 94 15 2 87 80 53 17 3 52 20 21 71 41 60 49 12 45 57 39 32 69 97 33 38 73 30 84 90 42 6 89 50 78 92 51 19 81 85 59 56 54 34 70 16 13 36 58 26 83 14 65 11 9 23 43 79 66 91 35 88 44 63 48 22 76 95 8 98 0 99 37 31 1 7 47 55 25 40 27 77 61 46 74 67 75 96 10 86 5 82 62 29 72 18 64 4 93 68 24 
TEST 12 ARG:28 94 15 2 87 80 53 17 3 52 20 21 71 41 60 49 12 45 57 39 32 69 97 33 38 73 30 84 90 42 6 89 50 78 92 51 19 81 85 59 56 54 34 70 16 13 36 58 26 83 14 65 11 9 23 43 79 66 91 35 88 44 63 48 22 76 95 8 98 0 99 37 31 1 7 47 55 25 40 27 77 61 46 74 67 75 96 10 86 5 82 62 29 72 18 64 4 93 68 24 
TEST 13 ARG:61 72 4 16 52 63 21 78 19 30 14 35 79 94 62 22 33 96 87 37 68 10 54 70 25 0 39 24 43 73 85 67 99 64 36 92 56 75 50 89 42 6 51 91 32 76 46 38 1 40 48 44 20 11 47 80 95 65 69 83 86 98 27 7 81 29 88 60 15 26 49 74 77 58 59 31 34 9 84 45 57 93 18 28 17 41 5 13 23 71 66 90 8 55 2 97 82 3 12 53 
TEST 13 ARG:61 72 4 16 52 63 21 78 19 30 14 35 79 94 62 22 33 96 87 37 68 10 54 70 25 0 39 24 43 73 85 67 99 64 36 92 56 75 50 89 42 6 51 91 32 76 46 38 1 40 48 44 20 11 47 80 95 65 69 83 86 98 27 7 81 29 88 60 15 26 49 74 77 58 59 31 34 9 84 45 57 93 18 28 17 41 5 13 23 71 66 90 8 55 2 97 82 3 12 53 
TEST 14 ARG:25 12 58 70 87 31 53 38 39 74 51 62 98 15 13 96 10 7 4 28 82 78 91 2 55 44 83 17 66 65 67 36 99 33 5 92 21 80 34 68 88 61 19 35 79 57 0 41 77 45 86 23 94 6 11 49 43 60 9 46 8 47 64 54 59 76 16 3 52 73 14 81 32 50 30 93 56 84 75 63 95 26 48 42 85 20 72 89 40 71 24 1 29 69 22 18 90 37 97 27 
TEST 14 ARG:25 12 58 70 87 31 53 38 39 74 51 62 98 15 13 96 10 7 4 28 82 78 91 2 55 44 83 17 66 65 67 36 99 33 5 92 21 80 34 68 88 61 19 35 79 57 0 41 77 45 86 23 94 6 11 49 43 60 9 46 8 47 64 54 59 76 16 3 52 73 14 81 32 50 30 93 56 84 75 63 95 26 48 42 85 20 72 89 40 71 24 1 29 69 22 18 90 37 97 27 
TEST 15 ARG:71 80 70 17 36 48 64 74 1 65 52 94 55 45 10 81 69 37 92 39 11 63 75 77 2 22 30 78 25 98 59 15 12 27 40 97 6 66 58 28 19 51 62 35 31 9 29 32 89 54 82 34 18 3 21 60 99 50 43 16 84 86 56 49 96 76 68 4 61 85 38 67 8 0 91 87 90 93 72 73 53 7 42 57 47 14 95 46 79 41 88 26 33 20 5 13 44 24 23 83 
TEST 15 ARG:71 80 70 17 36 48 64 74 1 65 52 94 55 45 10 81 69 37 92 39 11 63 75 77 2 22 30 78 25 98 59 15 12 27 40 97 6 66 58 28 19 51 62 35 31 9 29 32 89 54 82 34 18 3 21 60 99 50 43 16 84 86 56 49 96 76 68 4 61 85 38 67 8 0 91 87 90 93 72 73 53 7 42 57 47 14 95 46 79 41 88 26 33 20 5 13 44 24 23 83 
TEST 16 ARG:62 26 89 32 86 77 12 36 11 33 4 84 24 57 82 23 30 85 39 49 52 61 63 19 76 74 38 51 71 65 70 21 91 79 35 31 27 44 75 66 42 0 72 13 99 67 50 25 1 28 2 22 54 48 93 59 98 64 96 69 56 17 43 55 81 73 58 92 78 20 18 3 87 37 94 83 68 7 45 15 41 9 90 46 47 5 80 97 14 95 34 10 29 40 53 60 16 8 6 88 
TEST 16 ARG:62 26 89 32 86 77 12 36 11 33 4 84 24 57 82 23 30 85 39 49 52 61 63 19 76 74 38 51 71 65 70 21 91 79 35 31 27 44 75 66 42 0 72 13 99 67 50 25 1 28 2 22 54 48 93 59 98 64 96 69 56 17 43 55 81 73 58 92 78 20 18 3 87 37 94 83 68 7 45 15 41 9 90 46 47 5 80 97 14 95 34 10 29 40 53 60 16 8 6 88 
TEST 17 ARG:42 39 59 44 62 78 41 1 20 36 35 70 34 10 92 83 51 56 23 73 65 68 11 87 22 21 67 80 60 29 53 75 95 96 5 38 94 77 98 91 17 3 90 25 27 26 28 71 33 46 31 13 50 55 81 48 15 30 40 99 47 43 69 52 2 58 16 19 45 93 88 32 14 24 0 8 63 64 57 18 9 72 85 61 12 82 7 49 84 66 89 4 74 79 54 76 86 37 97 6 
TEST 17 ARG:42 39 59 44 62 78 41 1 20 36 35 70 34 10 92 83 51 56 23 73 65 68 11 87 22 21 67 80 60 29 53 75 95 96 5 38 94 77 98 91 17 3 90 25 27 26 28 71 33 46 31 13 50 55 81 48 15 30 40 99 47 43 69 52 2 58 16 19 45 93 88 32 14 24 0 8 63 64 57 18 9 72 85 61 12 82 7 49 84 66 89 4 74 79 54 76 86 37 97 6 
TEST 18 ARG:0 28 9 63 16 27 18 79 20 65 62 12 8 13 34 21 49 86 61 17 11 38 64 54 94 33 81 52 82 45 26 24 77 42 43 59 39 87 5 60 30 84 92 85 6 76 50 97 32 40 36 73 31 10 41 46 7 1 95 67 2 71 91 22 93 19 80 56 44 75 57 99 68 4 89 37 88 58 74 96 66 55 53 48 72 83 70 35 15 47 78 98 51 14 23 25 3 69 29 90 
TEST 18 ARG:0 28 9 63 16 27 18 79 20 65 62 12 8 13 34 21 49 86 61 17 11 38 64 54 94 33 81 52 82 45 26 24 77 42 43 59 39 87 5 60 30 84 92 85 6 76 50 97 32 40 36 73 31 10 41 46 7 1 95 67 2 71 91 22 93 19 80 56 44 75 57 99 68 4 89 37 88 58 74 96 66 55 53 48 72 83 70 35 15 47 78 98 51 14 23 25 3 69 29 90 
TEST 19 ARG:84 37 80 78 1 20 12 13 32 92 77 54 90 38 73 30 56 29 5 10 87 81 72 27 51 31 98 25 74 58 65 93 15 63 52 61 64 46 59 79 83 22 36 24 41 68 3 91 66 85 35 7 9 82 34 45 16 44 67 75 17 11 86 19 4 89 76 23 53 50 57 26 94 55 69 40 33 95 42 97 14 18 99 62 43 48 21 2 96 28 88 60 71 49 70 6 0 8 39 47 
TEST 19 ARG:84 37 80 78 1 20 12 13 32 92 77 54 90 38 73 30 56 29 5 10 87 81 72 27 51 31 98 25 74 58 65 93 15 63 52 61 64 46 59 79 83 22 36 24 41 68 3 91 66 85 35 7 9 82 34 45 16 44 67 75 17 11 86 19 4 89 76 23 53 50 57 26 94 55 69 40 33 95 42 97 14 18 99 62 43 48 21 2 96 28 88 60 71 49 70 6 0 8 39 47 
TEST 20 ARG:14 73 25 57 0 16 60 24 78 59 94 19 99 50 33 67 69 63 39 29 85 84 23 53 86 90 17 97 89 75 4 7 62 6 72 88 3 61 92 40 43 35 37 31 10 22 66 5 15 21 34 20 2 71 65 74 11 44 55 68 18 64 26 32 51 56 80 82 98 76 93 79 70 81 47 52 42 41 96 48 45 1 36 95 30 49 87 38 46 28 77 54 9 91 58 13 83 12 8 27 
TEST 20 ARG:14 73 25 57 0 16 60 24 78 59 94 19 99 50 33 67 69 63 39 29 85 84 23 53 86 90 17 97 89 75 4 7 62 6 72 88 3 61 92 40 43 35 37 31 10 22 66 5 15 21 34 20 2 71 65 74 11 44 55 68 18 64 26 32 51 56 80 82 98 76 93 79 70 81 47 52 42 41 96 48 45 1 36 95 30 49 87 38 46 28 77 54 9 91 58 13 83 12 8 27 
TEST 21 ARG:75 25 85 13 31 14 23 76 32 3 77 93 86 33 96 60 82 4 47 28 42 55 58 65 11 98 1 39 49 70 22 40 59 26 99 97 54 30 16 90 34 12 51 78 91 94 89 21 80 63 9 67 62 44 0 83 27 24 71 53 68 2 73 35 6 15 84 95 7 92 72 45 57 37 79 36 74 41 8 17 50 87 20 43 48 5 19 29 61 52 10 81 88 46 38 64 66 69 56 18 
TEST 21 ARG:75 25 85 13 31 14 23 76 32 3 77 93 86 33 96 60 82 4 47 28 42 55 58 65 11 98 1 39 49 70 22 40 59 26 99 97 54 30 16 90 34 12 51 78 91 94 89 21 80 63 9 67 62 44 0 83 27 24 71 53 68 2 73 35 6 15 84 95 7 92 72 45 57 37 79 36 74 41 8 17 50 87 20 43 48 5 19 29 61 52 10 81 88 46 38 64 66 69 56 18 
TEST 22 ARG:48 5 7 33 58 81 20 26 40 83 62 14 87 71 1 10 12 82 88 17 54 15 75 22 55 60 68 11 32 19 70 69 41 9 42 34 73 89 98 66 52 67 51 76 57 18 25 93 91 79 85 24 50 6 96 72 28 35 74 97 84 78 2 29 56 23 94 4 92 39 47 49 21 64 36 8 27 16 44 77 37 90 38 31 13 86 80 30 63 43 65 46 0 45 59 3 61 99 95 53 
TEST 22 ARG:48 5 7 33 58 81 20 26 40 83 62 14 87 71 1 10 12 82 88 17 54 15 75 22 55 60 68 11 32 19 70 69 41 9 42 34 73 89 98 66 52 67 51 76 57 18 25 93 91 79 85 24 50 6 96 72 28 35 74 97 84 78 2 29 56 23 94 4 92 39 47 49 21 64 36 8 27 16 44 77 37 90 38 31 13 86 80 30 63 43 65 46 0 45 59 3 61 99 95 53 
TEST 23 ARG:3 24 29 13 66 7 8 77 39 73 35 26 54 83 84 93 6 72 44 20 10 79 25 38 11 98 33 56 51 32 61 43 12 50 30 90 55 99 74 69 5 78 28 81 17 1 92 45 4 41 2 75 34 16 18 65 80 19 9 58 62 82 47 37 49 67 70 53 85 89 97 21 14 96 27 60 76 40 22 91 46 0 94 88 68 95 23 86 87 71 63 15 57 42 59 48 52 31 64 36 
TEST 23 ARG:3 24 29 13 66 7 8 77 39 73 35 26 54 83 84 93 6 72 44 20 10 79 25 38 11 98 33 56 51 32 61 43 12 50 30 90 55 99 74 69 5 78 28 81 17 1 92 45 4 41 2 75 34 16 18 65 80 19 9 58 62 82 47 37 49 67 70 53 85 89 97 21 14 96 27 60 76 40 22 91 46 0 94 88 68 95 23 86 87 71 63 15 57 42 59 48 52 31 64 36 
TEST 24 ARG:66 74 20 10 67 49 16 83 61 88 39 19 84 5 6 23 71 48 86 60 56 17 93 41 26 4 43 42 29 99 11 94 92 45 53 50 69 1 13 7 34 25 73 95 22 91 82 80 8 59 32 76 77 12 79 47 21 54 15 85 33 36 51 58 18 78 37 9 28 96 14 89 2 52 44 65 68 38 31 87 64 40 46 62 70 0 63 57 55 30 27 72 24 35 98 97 90 75 81 3 
TEST 24 ARG:66 74 20 10 67 49 16 83 61 88 39 19 84 5 6 23 71 48 86 60 56 17 93 41 26 4 43 42 29 99 11 94 92 45 53 50 69 1 13 7 34 25 73 95 22 91 82 80 8 59 32 76 77 12 79 47 21 54 15 85 33 36 51 58 18 78 37 9 28 96 14 89 2 52 44 65 68 38 31 87 64 40 46 62 70 0 63 57 55 30 27 72 24 35 98 97 90 75 81 3 
TEST 25 ARG:10 8 96 73 80 85 46 59 93 44 7 26 14 77 53 13 11 95 29 6 70 61 30 99 33 35 27 91 79 88 43 92 2 32 47 62 3 84 18 83 67 98 89 97 56 37 19 87 52 23 51 50 71 76 94 21 57 49 82 31 72 22 66 86 16 69 5 40 24 39 17 0 60 75 28 20 55 42 74 90 41 9 38 54 12 34 58 78 4 64 48 1 45 25 15 68 36 63 65 81 
TEST 25 ARG:10 8 96 73 80 85 46 59 93 44 7 26 14 77 53 13 11 95 29 6 70 61 30 99 33 35 27 91 79 88 43 92 2 32 47 62 3 84 18 83 67 98 89 97 56 37 19 87 52 23 51 50 71 76 94 21 57 49 82 31 72 22 66 86 16 69 5 40 24 39 17 0 60 75 28 20 55 42 74 90 41 9 38 54 12 34 58 78 4 64 48 1 45 25 15 68 36 63 65 81 
TEST 26 ARG:46 49 76 30 18 48 28 73 86 14 50 61 71 91 26 15 90 41 63 94 7 35 17 79 8 3 53 27 13 52 74 24 70 92 43 4 93 84 80 58 83 45 69 65 0 99 1 67 33 59 78 60 56 6 98 19 11 5 2 54 16 32 87 21 22 51 96 47 62 75 31 64 40 38 20 9 68 77 66 39 37 85 55 44 88 36 57 97 81 72 29 10 23 82 89 42 25 12 95 34 
TEST 26 ARG:46 49 76 30 18 48 28 73 86 14 50 61 71 91 26 15 90 41 63 94 7 35 17 79 8 3 53 27 13 52 74 24 70 92 43 4 93 84 80 58 83 45 69 65 0 99 1 67 33 59 78 60 56 6 98 19 11 5 2 54 16 32 87 21 22 51 96 47 62 75 31 64 40 38 20 9 68 77 66 39 37 85 55 44 88 36 57 97 81 72 29 10 23 82 89 42 25 12 95 34 
TEST 27 ARG:6 76 68 82 54 77 66 9 42 31 64 59 96 10 13 48 75 0 73 40 88 19 47 89 32 58 29 49 43 84 4 36 15 95 63 52 60 22 25 81 80 91 8 69 90 5 99 65 2 33 20 46 24 16 70 51 21 71 78 26 53 35 44 11 1 92 38 87 62 67 23 98 93 83 85 55 50 61 34 86 97 39 37 45 41 28 18 27 72 12 57 30 7 79 56 3 14 94 17 74 
TEST 27 ARG:6 76 68 82 54 77 66 9 42 31 64 59 96 10 13 48 75 0 73 40 88 19 47 89 32 58 29 49 43 84 4 36 15 95 63 52 60 22 25 81 80 91 8 69 90 5 99 65 2 33 20 46 24 16 70 51 21 71 78 26 53 35 44 11 1 92 38 87 62 67 23 98 93 83 85 55 50 61 34 86 97 39 37 45 41 28 18 27 72 12 57 30 7 79 56 3 14 94 17 74 
TEST 28 ARG:47 85 52 10 48 32 75 25 41 58 38 36 26 78 80 30 53 46 87 63 82 73 18 15 76 68 65 40 69 31 7 93 1 64 6 45 11 99 98 42 28 94 95 67 13 8 19 44 0 79 54 39 29 86 55 84 89 24 22 56 57 66 91 77 43 2 90 35 37 51 16 33 5 17 61 97 34 60 59 70 14 50 23 74 27 72 96 81 3 83 49 9 62 4 92 21 71 12 88 20 
TEST 28 ARG:47 85 52 10 48 32 75 25 41 58 38 36 26 78 80 30 53 46 87 63 82 73 18 15 76 68 65 40 69 31 7 93 1 64 6 45 11 99 98 42 28 94 95 67 13 8 19 44 0 79 54 39 29 86 55 84 89 24 22 56 57 66 91 77 43 2 90 35 37 51 16 33 5 17 61 97 34 60 59 70 14 50 23 74 27 72 96 81 3 83 49 9 62 4 92 21 71 12 88 20 
TEST 29 ARG:91 83 70 29 40 55 95 17 32 80 0 12 5 21 64 58 2 43 50 9 88 46 99 26 14 19 24 87 18 61 98 49 93 51 44 90 45 68 71 76 38 33 20 48 60 52 84 13 22 10 77 63 23 86 34 28 37 65 56 96 31 75 94 66 6 39 47 1 30 89 8 7 82 42 59 54 16 97 79 85 3 72 62 27 73 69 15 74 11 35 81 36 25 57 53 78 92 41 4 67 
TEST 29 ARG:91 83 70 29 40 55 95 17 32 80 0 12 5 21 64 58 2 43 50 9 88 46 99 26 14 19 24 87 18 61 98 49 93 51 44 90 45 68 71 76 38 33 20 48 60 52 84 13 22 10 77 63 23 86 34 28 37 65 56 96 31 75 94 66 6 39 47 1 30 89 8 7 82 42 59 54 16 97 79 85 3 72 62 27 73 69 15 74 11 35 81 36 25 57 53 78 92 41 4 67 
TEST 30 ARG:17 31 90 32 2 8 47 46 81 26 21 87 91 35 38 67 58 62 34 83 50 61 43 1 33 44 79 7 75 0 9 60 22 11 68 92 18 5 30 36 51 16 71 89 10 42 85 40 93 55 54 66 64 59 49 99 20 12 6 25 57 72 19 88 69 65 82 27 29 28 41 63 45 78 37 74 84 96 4 70 39 80 95 73 77 94 23 53 3 48 98 52 86 14 97 56 15 24 13 76 
TEST 30 ARG:17 31 90 32 2 8 47 46 81 26 21 87 91 35 38 67 58 62 34 83 50 61 43 1 33 44 79 7 75 0 9 60 22 11 68 92 18 5 30 36 51 16 71 89 10 42 85 40 93 55 54 66 64 59 49 99 20 12 6 25 57 72 19 88 69 65 82 27 29 28 41 63 45 78 37 74 84 96 4 70 39 80 95 73 77 94 23 53 3 48 98 52 86 14 97 56 15 24 13 76 
TEST 31 ARG:18 83 22 66 2 48 47 7 21 58 75 42 23 39 20 99 9 51 70 91 24 3 19 80 15 78 6 55 68 73 72 92 29 96 4 97 40 81 26 45 67 52 61 33 65 84 71 82 13 34 25 54 64 41 63 69 77 1 95 0 46 31 60 57 94 93 27 37 14 90 28 43 56 44 76 16 88 38 98 53 49 10 11 85 79 30 50 35 59 74 32 8 86 87 17 89 62 36 12 5 
TEST 31 ARG:18 83 22 66 2 48 47 7 21 58 75 42 23 39 20 99 9 51 70 91 24 3 19 80 15 78 6 55 68 73 72 92 29 96 4 97 40 81 26 45 67 52 61 33 65 84 71 82 13 34 25 54 64 41 63 69 77 1 95 0 46 31 60 57 94 93 27 37 14 90 28 43 56 44 76 16 88 38 98 53 49 10 11 85 79 30 50 35 59 74 32 8 86 87 17 89 62 36 12 5 
TEST 32 ARG:13 1 78 37 71 91 89 61 25 30 9 75 79 81 95 11 32 85 16 34 84 88 60 43 29 51 49 74 99 76 48 23 64 80 44 4 72 36 55 59 17 67 38 15 87 6 0 57 3 12 65 93 22 26 47 33 96 97 77 94 28 35 39 31 46 53 40 98 62 52 73 66 86 19 8 24 42 58 7 82 5 45 21 69 10 70 54 41 14 83 68 63 90 27 18 2 92 50 20 56 
TEST 32 ARG:13 1 78 37 71 91 89 61 25 30 9 75 79 81 95 11 32 85 16 34 84 88 60 43 29 51 49 74 99 76 48 23 64 80 44 4 72 36 55 59 17 67 38 15 87 6 0 57 3 12 65 93 22 26 47 33 96 97 77 94 28 35 39 31 46 53 40 98 62 52 73 66 86 19 8 24 42 58 7 82 5 45 21 69 10 70 54 41 14 83 68 63 90 27 18 2 92 50 20 56 
TEST 33 ARG:57 56 61 74 20 18 84 39 43 50 19 48 40 77 49 91 63 30 38 15 71 51 8 24 3 69 86 28 34 5 73 97 23 68 99 92 6 21 65 29 41 7 25 46 0 81 85 35 13 58 78 37 4 83 62 80 16 54 75 52 2 45 60 10 94 31 27 79 96 33 66 1 14 93 88 95 82 70 55 42 32 64 89 98 36 90 12 11 87 22 9 44 59 67 53 26 47 72 76 17 
TEST 33 ARG:57 56 61 74 20 18 84 39 43 50 19 48 40 77 49 91 63 30 38 15 71 51 8 24 3 69 86 28 34 5 73 97 23 68 99 92 6 21 65 29 41 7 25 46 0 81 85 35 13 58 78 37 4 83 62 80 16 54 75 52 2 45 60 10 94 31 27 79 96 33 66 1 14 93 88 95 82 70 55 42 32 64 89 98 36 90 12 11 87 22 9 44 59 67 53 26 47 72 76 17 
TEST 34 ARG:0 45 16 50 22 85 63 34 33 89 28 41 67 35 2 29 11 26 4 56 84 8 81 47 93 5 78 36 31 46 17 75 72 91 48 86 88 87 24 64 38 76 70 1 99 14 66 25 23 57 74 51 13 9 19 12 65 53 40 97 98 27 30 3 58 18 60 73 94 95 59 44 55 71 79 83 54 68 10 61 32 7 69 15 37 90 20 43 6 96 80 49 42 82 92 39 21 77 62 52 
TEST 34 ARG:0 45 16 50 22 85 63 34 33 89 28 41 67 35 2 29 11 26 4 56 84 8 81 47 93 5 78 36 31 46 17 75 72 91 48 86 88 87 24 64 38 76 70 1 99 14 66 25 23 57 74 51 13 9 19 12 65 53 40 97 98 27 30 3 58 18 60 73 94 95 59 44 55 71 79 83 54 68 10 61 32 7 69 15 37 90 20 43 6 96 80 49 42 82 92 39 21 77 62 52 
TEST 35 ARG:34 42 47 22 67 6 5 84 53 69 14 15 29 43 44 38 68 45 81 16 79 87 24 52 97 85 75 66 1 23 20 71 7 78 19 17 31 59 96 99 80 33 37 27 10 74 98 28 55 58 72 21 0 86 94 46 32 88 50 89 93 9 26 4 95 76 41 56 49 91 64 30 25 73 90 77 57 40 61 39 82 11 65 8 63 83 18 54 2 3 13 70 48 92 36 35 51 12 60 62 
TEST 35 ARG:34 42 47 22 67 6 5 84 53 69 14 15 29 43 44 38 68 45 81 16 79 87 24 52 97 85 75 66 1 23 20 71 7 78 19 17 31 59 96 99 80 33 37 27 10 74 98 28 55 58 72 21 0 86 94 46 32 88 50 89 93 9 26 4 95 76 41 56 49 91 64 30 25 73 90 77 57 40 61 39 82 11 65 8 63 83 18 54 2 3 13 70 48 92 36 35 51 12 60 62 
TEST 36 ARG:51 34 60 65 71 94 45 56 40 19 35 8 38 0 28 30 78 59 88 21 11 41 15 26 84 6 24 25 66 81 2 86 44 18 57 4 7 96 62 20 76 47 75 12 80 72 29 91 9 63 95 83 69 68 70 97 16 32 55 39 33 1 87 13 23 37 92 36 85 10 82 64 93 58 77 14 50 53 5 74 89 49 46 17 52 42 27 43 61 73 79 48 98 22 54 31 90 3 67 99 
TEST 36 ARG:51 34 60 65 71 94 45 56 40 19 35 8 38 0 28 30 78 59 88 21 11 41 15 26 84 6 24 25 66 81 2 86 44 18 57 4 7 96 62 20 76 47 75 12 80 72 29 91 9 63 95 83 69 68 70 97 16 32 55 39 33 1 87 13 23 37 92 36 85 10 82 64 93 58 77 14 50 53 5 74 89 49 46 17 52 42 27 43 61 73 79 48 98 22 54 31 90 3 67 99 
TEST 37 ARG:42 0 78 8 80 89 60 25 69 27 86 67 28 19 81 91 26 5 68 45 66 65 74 15 93 59 94 62 10 35 1 85 16 36 18 88 90 34 24 21 20 82 99 92 41 75 9 79 32 50 7 83 64 2 38 33 30 47 57 73 44 96 23 6 43 72 70 53 58 77 13 71 3 11 55 49 97 51 46 76 29 17 63 48 14 54 40 37 56 61 4 52 98 95 84 31 12 39 87 22 
TEST 37 ARG:42 0 78 8 80 89 60 25 69 27 86 67 28 19 81 91 26 5 68 45 66 65 74 15 93 59 94 62 10 35 1 85 16 36 18 88 90 34 24 21 20 82 99 92 41 75 9 79 32 50 7 83 64 2 38 33 30 47 57 73 44 96 23 6 43 72 70 53 58 77 13 71 3 11 55 49 97 51 46 76 29 17 63 48 14 54 40 37 56 61 4 52 98 95 84 31 12 39 87 22 
TEST 38 ARG:26 98 19 9 7 43 38 47 51 17 3 31 92 64 84 33 22 62 91 21 40 41 54 30 25 16 27 15 4 69 36 74 50 76 6 93 95 61 79 11 88 23 60 44 70 71 28 2 66 53 55 87 56 81 18 86 85 80 83 65 89 67 59 24 29 0 13 63 68 35 96 39 57 14 20 52 90 97 42 78 77 48 99 37 82 75 12 1 34 73 32 8 45 72 46 94 5 49 58 10 
TEST 38 ARG:26 98 19 9 7 43 38 47 51 17 3 31 92 64 84 33 22 62 91 21 40 41 54 30 25 16 27 15 4 69 36 74 50 76 6 93 95 61 79 11 88 23 60 44 70 71 28 2 66 53 55 87 56 81 18 86 85 80 83 65 89 67 59 24 29 0 13 63 68 35 96 39 57 14 20 52 90 97 42 78 77 48 99 37 82 75 12 1 34 73 32 8 45 72 46 94 5 49 58 10 
TEST 39 ARG:31 74 98 34 83 61 2 8 63 28 99 88 65 35 70 6 75 78 21 20 43 5 56 80 68 4 32 87 54 82 64 66 52 18 9 27 29 96 23 33 3 26 59 97 79 42 48 51 41 72 49 85 46 16 44 94 11 1 37 84 91 7 95 15 30 89 76 25 57 67 38 58 81 86 10 53 73 71 62 55 40 24 47 39 17 69 60 93 45 0 92 36 50 14 77 90 13 19 22 12 
TEST 39 ARG:31 74 98 34 83 61 2 8 63 28 99 88 65 35 70 6 75 78 21 20 43 5 56 80 68 4 32 87 54 82 64 66 52 18 9 27 29 96 23 33 3 26 59 97 79 42 48 51 41 72 49 85 46 16 44 94 11 1 37 84 91 7 95 15 30 89 76 25 57 67 38 58 81 86 10 53 73 71 62 55 40 24 47 39 17 69 60 93 45 0 92 36 50 14 77 90 13 19 22 12 
TEST 40 ARG:26 61 98 20 3 83 80 9 25 2 40 93 5 64 55 79 18 39 84 36 71 0 14 54 52 70 16 90 22 44 11 96 41 53 94 7 67 42 57 4 82 77 51 21 58 81 8 31 29 13 66 47 97 89 91 6 48 88 45 65 28 60 74 19 50 46 23 75 73 27 37 99 63 1 95 24 17 69 49 59 32 33 12 10 78 72 92 86 68 85 15 43 56 30 87 76 62 35 38 34 
TEST 40 ARG:26 61 98 20 3 83 80 9 25 2 40 93 5 64 55 79 18 39 84 36 71 0 14 54 52 70 16 90 22 44 11 96 41 53 94 7 67 42 57 4 82 77 51 21 58 81 8 31 29 13 66 47 97 89 91 6 48 88 45 65 28 60 74 19 50 46 23 75 73 27 37 99 63 1 95 24 17 69 49 59 32 33 12 10 78 72 92 86 68 85 15 43 56 30 87 76 62 35 38 34 
TEST 41 ARG:17 66 59 67 50 8 97 3 62 89 75 78 46 60 9 52 5 40 99 58 16 54 23 94 12 1 4 47 48 98 11 26 39 82 22 57 61 18 84 28 69 7 72 71 64 86 83 31 13 45 65 96 56 25 42 21 80 35 55 68 6 20 88 92 73 91 76 90 41 87 85 44 77 43 33 81 29 0 95 14 10 30 32 63 74 34 53 70 24 51 15 27 38 93 79 37 19 49 36 2 
TEST 41 ARG:17 66 59 67 50 8 97 3 62 89 75 78 46 60 9 52 5 40 99 58 16 54 23 94 12 1 4 47 48 98 11 26 39 82 22 57 61 18 84 28 69 7 72 71 64 86 83 31 13 45 65 96 56 25 42 21 80 35 55 68 6 20 88 92 73 91 76 90 41 87 85 44 77 43 33 81 29 0 95 14 10 30 32 63 74 34 53 70 24 51 15 27 38 93 79 37 19 49 36 2 
TEST 42 ARG:9 36 76 38 19 29 99 49 63 65 34 32 1 81 73 97 98 48 22 72 67 79 80 58 86 26 53 52 40 61 66 68 16 96 17 6 90 93 37 47 30 20 0 18 39 71 46 12 94 89 4 24 35 95 50 64 41 92 44 2 7 10 23 14 8 78 25 84 5 33 57 91 77 15 56 11 60 42 51 69 87 3 88 59 70 74 27 31 54 85 75 28 45 43 21 55 82 62 83 13 
TEST 42 ARG:9 36 76 38 19 29 99 49 63 65 34 32 1 81 73 97 98 48 22 72 67 79 80 58 86 26 53 52 40 61 66 68 16 96 17 6 90 93 37 47 30 20 0 18 39 71 46 12 94 89 4 24 35 95 50 64 41 92 44 2 7 10 23 14 8 78 25 84 5 33 57 91 77 15 56 11 60 42 51 69 87 3 88 59 70 74 27 31 54 85 75 28 45 43 21 55 82 62 83 13 
TEST 43 ARG:51 3 55 69 79 57 19 39 93 1 40 64 90 60 68 36 38 27 16 87 20 25 23 47 71 28 44 10 45 88 11 53 24 7 49 83 73 58 2 29 77 70 41 35 14 52 13 62 59 42 30 26 82 34 78 31 0 97 66 9 63 12 37 99 81 98 89 15 65 61 32 67 54 46 18 22 76 86 56 33 96 80 4 17 84 75 48 72 8 95 74 21 85 94 6 50 5 91 92 43 
TEST 43 ARG:51 3 55 69 79 57 19 39 93 1 40 64 90 60 68 36 38 27 16 87 20 25 23 47 71 28 44 10 45 88 11 53 24 7 49 83 73 58 2 29 77 70 41 35 14 52 13 62 59 42 30 26 82 34 78 31 0 97 66 9 63 12 37 99 81 98 89 15 65 61 32 67 54 46 18 22 76 86 56 33 96 80 4 17 84 75 48 72 8 95 74 21 85 94 6 50 5 91 92 43 
TEST 44 ARG:75 37 69 21 45 98 7 47 96 43 49 86 55 2 8 99 15 53 93 82 50 35 42 84 0 65 29 36 3 95 34 26 54 90 94 38 17 51 64 14 68 77 73 32 91 13 87 89 41 28 30 39 9 10 31 83 56 80 76 72 27 92 81 67 23 11 66 57 74 59 52 4 61 70 79 46 18 6 19 88 97 62 1 44 33 16 25 40 60 78 48 71 63 5 12 58 20 22 24 85 
TEST 44 ARG:75 37 69 21 45 98 7 47 96 43 49 86 55 2 8 99 15 53 93 82 50 35 42 84 0 65 29 36 3 95 34 26 54 90 94 38 17 51 64 14 68 77 73 32 91 13 87 89 41 28 30 39 9 10 31 83 56 80 76 72 27 92 81 67 23 11 66 57 74 59 52 4 61 70 79 46 18 6 19 88 97 62 1 44 33 16 25 40 60 78 48 71 63 5 12 58 20 22 24 85 
TEST 45 ARG:23 5 4 77 20 73 95 46 71 65 19 33 80 84 75 68 41 36 48 17 54 81 79 34 39 96 30 31 72 25 76 86 0 22 16 40 67 56 29 27 53 45 85 78 55 69 59 51 8 44 97 37 15 63 11 61 93 74 90 14 12 88 26 66 47 64 35 83 92 52 38 13 49 18 1 57 98 50 28 89 32 6 10 94 2 91 24 62 9 3 42 7 87 60 82 70 43 99 58 21 
TEST 45 ARG:23 5 4 77 20 73 95 46 71 65 19 33 80 84 75 68 41 36 48 17 54 81 79 34 39 96 30 31 72 25 76 86 0 22 16 40 67 56 29 27 53 45 85 78 55 69 59 51 8 44 97 37 15 63 11 61 93 74 90 14 12 88 26 66 47 64 35 83 92 52 38 13 49 18 1 57 98 50 28 89 32 6 10 94 2 91 24 62 9 3 42 7 87 60 82 70 43 99 58 21 
TEST 46 ARG:76 56 87 35 83 81 55 84 68 48 20 8 64 58 94 30 69 23 13 0 42 60 66 67 17 4 86 14 49 91 38 37 51 44 97 50 77 61 45 3 39 19 1 32 11 25 33 72 10 27 36 31 24 78 22 95 18 70 6 52 12 15 85 28 80 34 79 96 62 41 2 21 26 54 75 7 57 65 47 53 90 59 63 98 74 71 29 99 88 43 82 89 46 93 5 40 16 92 9 73 
TEST 46 ARG:76 56 87 35 83 81 55 84 68 48 20 8 64 58 94 30 69 23 13 0 42 60 66 67 17 4 86 14 49 91 38 37 51 44 97 50 77 61 45 3 39 19 1 32 11 25 33 72 10 27 36 31 24 78 22 95 18 70 6 52 12 15 85 28 80 34 79 96 62 41 2 21 26 54 75 7 57 65 47 53 90 59 63 98 74 71 29 99 88 43 82 89 46 93 5 40 16 92 9 73 
TEST 47 ARG:53 20 12 40 22 32 60 80 73 30 46 70 54 29 94 92 43 28 97 39 26 7 50 35 17 18 25 78 69 2 23 13 65 67 0 36 44 27 34 89 42 11 74 96 4 75 38 51 68 37 41 76 21 19 6 90 88 5 58 91 47 48 81 82 85 56 71 83 9 86 14 33 59 79 49 57 95 16 72 62 15 87 77 55 99 24 84 61 8 45 63 64 1 52 93 3 66 98 10 31 
TEST 47 ARG:53 20 12 40 22 32 60 80 73 30 46 70 54 29 94 92 43 28 97 39 26 7 50 35 17 18 25 78 69 2 23 13 65 67 0 36 44 27 34 89 42 11 74 96 4 75 38 51 68 37 41 76 21 19 6 90 88 5 58 91 47 48 81 82 85 56 71 83 9 86 14 33 59 79 49 57 95 16 72 62 15 87 77 55 99 24 84 61 8 45 63 64 1 52 93 3 66 98 10 31 
TEST 48 ARG:77 28 75 99 33 61 65 51 31 60 0 54 50 32 27 36 86 37 74 94 98 40 25 68 76 91 4 72 92 11 20 78 69 42 88 38 5 81 67 12 17 89 6 70 64 14 43 82 84 1 21 71 19 41 56 79 48 30 23 26 16 87 45 97 47 39 15 13 34 58 3 8 83 46 44 93 52 24 7 53 95 10 49 62 57 63 59 22 2 96 66 90 18 9 55 73 80 85 35 29 
TEST 48 ARG:77 28 75 99 33 61 65 51 31 60 0 54 50 32 27 36 86 37 74 94 98 40 25 68 76 91 4 72 92 11 20 78 69 42 88 38 5 81 67 12 17 89 6 70 64 14 43 82 84 1 21 71 19 41 56 79 48 30 23 26 16 87 45 97 47 39 15 13 34 58 3 8 83 46 44 93 52 24 7 53 95 10 49 62 57 63 59 22 2 96 66 90 18 9 55 73 80 85 35 29 
TEST 49 ARG:97 96 40 56 16 86 38 87 90 4 1 75 61 46 94 36 45 81 30 21 54 83 29 48 70 84 18 57 14 92 80 0 99 72 93 69 12 66 15 53 7 47 22 39 76 67 68 5 34 91 2 63 32 43 74 31 58 64 37 13 59 17 24 26 10 60 23 51 35 79 65 77 73 98 55 27 85 41 95 82 78 9 11 52 28 19 88 44 50 3 8 71 25 89 20 62 49 42 6 33 
TEST 49 ARG:97 96 40 56 16 86 38 87 90 4 1 75 61 46 94 36 45 81 30 21 54 83 29 48 70 84 18 57 14 92 80 0 99 72 93 69 12 66 15 53 7 47 22 39 76 67 68 5 34 91 2 63 32 43 74 31 58 64 37 13 59 17 24 26 10 60 23 51 35 79 65 77 73 98 55 27 85 41 95 82 78 9 11 52 28 19 88 44 50 3 8 71 25 89 20 62 49 42 6 33 
TEST 50 ARG:27 78 3 99 15 8 57 22 83 75 49 12 6 18 37 94 85 77 61 42 0 74 9 40 84 88 20 55 82 56 19 73 23 90 17 54 86 65 45 71 62 21 91 96 81 53 34 31 11 72 29 41 39 59 35 43 80 92 33 24 44 30 60 63 47 69 7 10 2 70 4 66 14 13 98 89 50 28 93 67 51 16 48 46 58 36 5 26 87 1 95 38 64 97 32 76 79 52 25 68 
TEST 50 ARG:27 78 3 99 15 8 57 22 83 75 49 12 6 18 37 94 85 77 61 42 0 74 9 40 84 88 20 55 82 56 19 73 23 90 17 54 86 65 45 71 62 21 91 96 81 53 34 31 11 72 29 41 39 59 35 43 80 92 33 24 44 30 60 63 47 69 7 10 2 70 4 66 14 13 98 89 50 28 93 67 51 16 48 46 58 36 5 26 87 1 95 38 64 97 32 76 79 52 25 68 
TEST 51 ARG:39 71 15 6 51 54 3 60 74 78 97 62 47 88 42 83 53 63 93 68 35 95 70 69 81 36 20 94 90 5 41 21 49 67 18 57 2 46 73 24 89 56 98 38 75 13 59 26 61 72 45 0 48 76 52 82 27 12 8 85 55 65 96 86 29 43 44 19 7 16 80 31 30 14 11 4 32 37 84 87 1 34 33 58 99 40 92 79 10 91 77 23 64 50 28 66 22 17 9 25 
TEST 51 ARG:39 71 15 6 51 54 3 60 74 78 97 62 47 88 42 83 53 63 93 68 35 95 70 69 81 36 20 94 90 5 41 21 49 67 18 57 2 46 73 24 89 56 98 38 75 13 59 26 61 72 45 0 48 76 52 82 27 12 8 85 55 65 96 86 29 43 44 19 7 16 80 31 30 14 11 4 32 37 84 87 1 34 33 58 99 40 92 79 10 91 77 23 64 50 28 66 22 17 9 25 
TEST 52 ARG:37 62 39 30 75 86 55 69 52 49 56 58 71 14 96 74 28 12 90 61 47 70 63 53 3 5 6 80 50 45 10 34 79 15 17 89 7 77 26 18 1 60 22 78 42 0 33 73 27 8 20 32 64 66 95 83 35 31 98 11 2 23 54 13 57 44 88 40 67 93 59 84 43 38 21 9 36 82 76 19 51 85 87 97 24 94 16 72 46 99 48 4 65 68 91 29 92 41 81 25 
TEST 52 ARG:37 62 39 30 75 86 55 69 52 49 56 58 71 14 96 74 28 12 90 61 47 70 63 53 3 5 6 80 50 45 10 34 79 15 17 89 7 77 26 18 1 60 22 78 42 0 33 73 27 8 20 32 64 66 95 83 35 31 98 11 2 23 54 13 57 44 88 40 67 93 59 84 43 38 21 9 36 82 76 19 51 85 87 97 24 94 16 72 46 99 48 4 65 68 91 29 92 41 81 25 
TEST 53 ARG:34 47 85 58 67 96 69 2 66 20 79 1 9 14 87 63 57 0 53 29 61 30 43 31 42 26 82 49 73 90 21 94 7 36 12 95 97 78 8 5 83 45 3 48 10 15 81 22 74 32 28 77 60 55 59 62 68 91 51 19 65 37 40 86 11 41 23 50 4 13 99 56 25 92 75 18 27 16 71 80 6 44 72 38 76 98 35 93 33 52 46 54 84 88 64 24 70 39 89 17 
TEST 53 ARG:34 47 85 58 67 96 69 2 66 20 79 1 9 14 87 63 57 0 53 29 61 30 43 31 42 26 82 49 73 90 21 94 7 36 12 95 97 78 8 5 83 45 3 48 10 15 81 22 74 32 28 77 60 55 59 62 68 91 51 19 65 37 40 86 11 41 23 50 4 13 99 56 25 92 75 18 27 16 71 80 6 44 72 38 76 98 35 93 33 52 46 54 84 88 64 24 70 39 89 17 
TEST 54 ARG:73 47 83 19 89 99 20 1 35 82 46 8 39 54 77 50 23 88 17 59 92 34 48 52 56 5 9 12 53 7 30 80 68 21 13 95 51 62 43 81 98 22 45 4 61 67 11 14 44 42 58 38 27 94 0 36 57 28 71 26 90 49 93 37 64 2 79 29 91 24 72 66 96 69 32 3 85 18 6 70 78 33 84 31 15 86 16 97 63 40 41 10 74 75 87 55 65 25 60 76 
TEST 54 ARG:73 47 83 19 89 99 20 1 35 82 46 8 39 54 77 50 23 88 17 59 92 34 48 52 56 5 9 12 53 7 30 80 68 21 13 95 51 62 43 81 98 22 45 4 61 67 11 14 44 42 58 38 27 94 0 36 57 28 71 26 90 49 93 37 64 2 79 29 91 24 72 66 96 69 32 3 85 18 6 70 78 33 84 31 15 86 16 97 63 40 41 10 74 75 87 55 65 25 60 76 
TEST 55 ARG:0 17 82 63 83 42 44 73 59 94 22 48 99 32 86 57 87 27 51 76 39 18 3 74 78 81 30 1 90 79 72 29 8 35 66 38 11 93 4 62 52 26 98 91 40 34 49 70 88 45 65 80 41 95 75 12 85 58 43 69 2 56 97 84 92 77 36 20 19 16 23 53 5 37 15 50 89 68 7 60 46 9 6 47 10 64 96 31 21 14 55 25 67 54 13 24 28 71 61 33 
TEST 55 ARG:0 17 82 63 83 42 44 73 59 94 22 48 99 32 86 57 87 27 51 76 39 18 3 74 78 81 30 1 90 79 72 29 8 35 66 38 11 93 4 62 52 26 98 91 40 34 49 70 88 45 65 80 41 95 75 12 85 58 43 69 2 56 97 84 92 77 36 20 19 16 23 53 5 37 15 50 89 68 7 60 46 9 6 47 10 64 96 31 21 14 55 25 67 54 13 24 28 71 61 33 
TEST 56 ARG:80 83 62 94 21 86 68 22 69 59 33 10 27 43 78 11 97 44 66 95 20 92 2 76 96 0 67 77 81 51 17 34 88 56 70 5 14 31 63 75 57 25 32 45 8 40 19 41 93 90 1 64 54 6 18 37 15 49 99 9 38 48 12 89 84 39 7 29 91 87 13 46 85 79 50 61 28 42 55 26 74 4 3 30 24 71 82 58 65 53 36 47 60 73 23 98 35 52 72 16 
TEST 56 ARG:80 83 62 94 21 86 68 22 69 59 33 10 27 43 78 11 97 44 66 95 20 92 2 76 96 0 67 77 81 51 17 34 88 56 70 5 14 31 63 75 57 25 32 45 8 40 19 41 93 90 1 64 54 6 18 37 15 49 99 9 38 48 12 89 84 39 7 29 91 87 13 46 85 79 50 61 28 42 55 26 74 4 3 30 24 71 82 58 65 53 36 47 60 73 23 98 35 52 72 16 
TEST 57 ARG:93 48 57 58 36 42 1 23 19 55 11 33 7 29 43 96 63 10 46 84 56 47 49 60 12 70 88 52 83 27 14 59 35 95 97 2 54 69 85 22 34 98 16 72 99 17 41 77 38 5 80 89 92 9 28 25 62 6 32 8 73 40 81 18 78 66 24 30 94 64 50 4 39 71 26 86 91 53 15 37 90 74 75 21 31 13 51 45 79 76 20 61 67 65 44 3 87 68 0 82 
TEST 57 ARG:93 48 57 58 36 42 1 23 19 55 11 33 7 29 43 96 63 10 46 84 56 47 49 60 12 70 88 52 83 27 14 59 35 95 97 2 54 69 85 22 34 98 16 72 99 17 41 77 38 5 80 89 92 9 28 25 62 6 32 8 73 40 81 18 78 66 24 30 94 64 50 4 39 71 26 86 91 53 15 37 90 74 75 21 31 13 51 45 79 76 20 61 67 65 44 3 87 68 0 82 
TEST 58 ARG:52 13 33 97 29 59 22 63 24 83 93 91 51 9 7 87 5 98 12 69 74 27 45 43 49 54 65 56 81 32 94 73 17 46 75 21 10 86 14 61 34 99 89 78 42 11 79 36 71 16 64 70 41 72 58 6 1 47 90 96 44 37 57 88 8 28 19 3 60 67 77 48 68 30 2 40 31 0 4 80 53 25 82 85 95 20 15 38 50 39 26 35 76 84 18 62 92 66 55 23 
TEST 58 ARG:52 13 33 97 29 59 22 63 24 83 93 91 51 9 7 87 5 98 12 69 74 27 45 43 49 54 65 56 81 32 94 73 17 46 75 21 10 86 14 61 34 99 89 78 42 11 79 36 71 16 64 70 41 72 58 6 1 47 90 96 44 37 57 88 8 28 19 3 60 67 77 48 68 30 2 40 31 0 4 80 53 25 82 85 95 20 15 38 50 39 26 35 76 84 18 62 92 66 55 23 
TEST 59 ARG:63 45 43 13 28 57 52 72 89 78 21 44 54 23 27 80 29 34 0 18 8 33 38 81 42 77 47 66 39 20 32 5 24 51 88 14 75 37 35 26 59 69 97 99 40 22 9 65 19 30 79 53 12 90 62 68 64 49 70 7 41 6 98 17 60 95 94 4 55 10 31 25 71 67 36 85 61 2 11 76 96 82 1 92 48 56 16 3 86 83 15 91 50 74 84 87 73 93 46 58 
TEST 59 ARG:63 45 43 13 28 57 52 72 89 78 21 44 54 23 27 80 29 34 0 18 8 33 38 81 42 77 47 66 39 20 32 5 24 51 88 14 75 37 35 26 59 69 97 99 40 22 9 65 19 30 79 53 12 90 62 68 64 49 70 7 41 6 98 17 60 95 94 4 55 10 31 25 71 67 36 85 61 2 11 76 96 82 1 92 48 56 16 3 86 83 15 91 50 74 84 87 73 93 46 58 
TEST 60 ARG:87 32 55 99 2 43 62 58 22 38 83 37 3 19 57 68 4 41 73 13 93 0 46 95 88 11 77 35 40 27 60 98 31 21 78 42 15 63 65 7 84 69 36 56 86 72 16 50 9 8 59 44 18 47 29 26 75 48 79 90 51 92 6 12 61 80 96 71 25 85 45 94 39 14 52 81 10 89 53 23 54 74 34 17 24 49 1 30 66 5 97 33 20 64 28 70 82 91 76 67 
TEST 60 ARG:87 32 55 99 2 43 62 58 22 38 83 37 3 19 57 68 4 41 73 13 93 0 46 95 88 11 77 35 40 27 60 98 31 21 78 42 15 63 65 7 84 69 36 56 86 72 16 50 9 8 59 44 18 47 29 26 75 48 79 90 51 92 6 12 61 80 96 71 25 85 45 94 39 14 52 81 10 89 53 23 54 74 34 17 24 49 1 30 66 5 97 33 20 64 28 70 82 91 76 67 
TEST 61 ARG:80 66 27 74 39 67 37 48 77 53 9 85 58 22 49 3 83 90 84 7 33 23 88 93 28 2 96 17 35 79 13 36 69 52 75 86 16 56 26 62 41 94 92 11 98 59 78 18 64 68 42 99 10 61 54 50 24 89 40 97 5 55 60 63 14 51 57 72 43 4 47 87 76 70 6 71 29 44 32 1 12 46 95 25 31 65 38 15 45 81 91 34 0 8 19 73 20 30 82 21 
TEST 61 ARG:80 66 27 74 39 67 37 48 77 53 9 85 58 22 49 3 83 90 84 7 33 23 88 93 28 2 96 17 35 79 13 36 69 52 75 86 16 56 26 62 41 94 92 11 98 59 78 18 64 68 42 99 10 61 54 50 24 89 40 97 5 55 60 63 14 51 57 72 43 4 47 87 76 70 6 71 29 44 32 1 12 46 95 25 31 65 38 15 45 81 91 34 0 8 19 73 20 30 82 21 
TEST 62 ARG:32 78 54 37 25 33 85 17 94 18 1 91 75 28 96 11 2 51 88 74 34 61 81 23 86 92 39 65 38 44 87 31 0 82 8 70 62 72 20 9 49 64 67 53 15 50 10 71 57 45 89 21 97 27 4 22 90 35 7 19 5 42 66 46 26 3 63 99 58 16 6 69 12 76 83 40 84 29 93 60 43 52 41 30 36 80 77 56 55 14 13 98 59 95 79 48 73 24 68 47 
TEST 62 ARG:32 78 54 37 25 33 85 17 94 18 1 91 75 28 96 11 2 51 88 74 34 61 81 23 86 92 39 65 38 44 87 31 0 82 8 70 62 72 20 9 49 64 67 53 15 50 10 71 57 45 89 21 97 27 4 22 90 35 7 19 5 42 66 46 26 3 63 99 58 16 6 69 12 76 83 40 84 29 93 60 43 52 41 30 36 80 77 56 55 14 13 98 59 95 79 48 73 24 68 47 
TEST 63 ARG:99 78 8 87 77 61 47 82 53 42 69 96 22 30 74 43 44 27 35 0 46 73 33 3 67 81 21 91 49 38 80 14 48 94 60 4 2 45 97 58 34 10 59 13 65 41 11 90 71 54 83 18 62 15 98 19 20 85 7 23 24 12 88 57 1 56 16 51 66 9 50 36 28 63 29 70 32 31 95 17 40 79 93 6 52 68 5 76 84 92 72 39 37 25 55 89 75 26 86 64 
TEST 63 ARG:99 78 8 87 77 61 47 82 53 42 69 96 22 30 74 43 44 27 35 0 46 73 33 3 67 81 21 91 49 38 80 14 48 94 60 4 2 45 97 58 34 10 59 13 65 41 11 90 71 54 83 18 62 15 98 19 20 85 7 23 24 12 88 57 1 56 16 51 66 9 50 36 28 63 29 70 32 31 95 17 40 79 93 6 52 68 5 76 84 92 72 39 37 25 55 89 75 26 86 64 
TEST 64 ARG:1 74 87 56 84 98 72 28 85 17 24 25 29 99 34 9 62 44 37 23 39 12 32 48 41 52 76 20 86 77 7 57 0 6 97 95 83 36 31 26 55 94 71 45 19 11 82 5 49 69 68 88 40 79 30 78 21 90 13 3 47 4 15 53 46 58 22 93 63 64 91 16 50 10 70 65 33 8 80 89 43 2 51 14 59 54 73 61 67 81 18 27 42 60 35 75 96 92 38 66 
TEST 64 ARG:1 74 87 56 84 98 72 28 85 17 24 25 29 99 34 9 62 44 37 23 39 12 32 48 41 52 76 20 86 77 7 57 0 6 97 95 83 36 31 26 55 94 71 45 19 11 82 5 49 69 68 88 40 79 30 78 21 90 13 3 47 4 15 53 46 58 22 93 63 64 91 16 50 10 70 65 33 8 80 89 43 2 51 14 59 54 73 61 67 81 18 27 42 60 35 75 96 92 38 66 
TEST 65 ARG:58 78 94 74 37 71 25 43 99 87 0 86 47 93 11 26 27 41 1 80 9 65 90 38 82 29 21 61 89 13 67 44 91 7 52 15 60 4 19 79 51 56 46 14 20 18 66 55 28 32 39 6 42 16 59 96 8 77 33 69 88 36 49 63 68 22 53 97 40 62 2 73 12 70 72 98 57 95 5 30 75 54 76 84 92 48 31 34 64 85 81 23 45 10 50 35 17 24 83 3 
TEST 65 ARG:58 78 94 74 37 71 25 43 99 87 0 86 47 93 11 26 27 41 1 80 9 65 90 38 82 29 21 61 89 13 67 44 91 7 52 15 60 4 19 79 51 56 46 14 20 18 66 55 28 32 39 6 42 16 59 96 8 77 33 69 88 36 49 63 68 22 53 97 40 62 2 73 12 70 72 98 57 95 5 30 75 54 76 84 92 48 31 34 64 85 81 23 45 10 50 35 17 24 83 3 
TEST 66 ARG:28 13 77 66 61 73 36 63 43 16 90 5 56 2 38 15 72 82 87 22 83 18 35 62 52 37 49 69 12 39 0 76 81 42 53 71 65 40 58 1 44 32 23 3 75 70 92 91 46 79 55 48 89 20 29 8 51 34 10 7 99 67 88 86 14 95 64 97 78 31 47 30 54 17 11 21 24 60 50 74 96 19 45 33 6 41 59 26 9 57 85 4 25 27 80 84 93 98 68 94 
TEST 66 ARG:28 13 77 66 61 73 36 63 43 16 90 5 56 2 38 15 72 82 87 22 83 18 35 62 52 37 49 69 12 39 0 76 81 42 53 71 65 40 58 1 44 32 23 3 75 70 92 91 46 79 55 48 89 20 29 8 51 34 10 7 99 67 88 86 14 95 64 97 78 31 47 30 54 17 11 21 24 60 50 74 96 19 45 33 6 41 59 26 9 57 85 4 25 27 80 84 93 98 68 94 
TEST 67 ARG:98 50 42 78 1 3 93 75 65 80 21 4 29 61 92 74 76 13 17 81 52 94 31 2 72 96 53 44 15 54 14 45 70 28 68 48 19 99 39 23 97 69 36 12 24 30 56 88 90 73 32 7 37 59 35 47 9 87 64 26 84 82 91 38 20 85 46 49 83 71 6 33 57 40 11 25 16 58 79 34 63 62 66 5 55 86 89 77 27 0 67 60 22 43 8 95 41 18 51 10 
TEST 67 ARG:98 50 42 78 1 3 93 75 65 80 21 4 29 61 92 74 76 13 17 81 52 94 31 2 72 96 53 44 15 54 14 45 70 28 68 48 19 99 39 23 97 69 36 12 24 30 56 88 90 73 32 7 37 59 35 47 9 87 64 26 84 82 91 38 20 85 46 49 83 71 6 33 57 40 11 25 16 58 79 34 63 62 66 5 55 86 89 77 27 0 67 60 22 43 8 95 41 18 51 10 
TEST 68 ARG:43 68 8 66 33 64 83 56 89 34 42 93 60 27 30 23 67 98 35 73 45 38 17 79 22 53 40 97 82 50 51 14 80 31 77 47 28 81 72 78 86 71 88 19 44 58 59 70 46 12 76 13 48 52 69 5 63 1 10 41 57 36 91 85 74 92 54 65 25 55 16 9 21 6 99 0 11 90 4 20 39 15 37 96 29 3 94 2 75 61 95 24 26 87 32 62 84 18 7 49 
TEST 68 ARG:43 68 8 66 33 64 83 56 89 34 42 93 60 27 30 23 67 98 35 73 45 38 17 79 22 53 40 97 82 50 51 14 80 31 77 47 28 81 72 78 86 71 88 19 44 58 59 70 46 12 76 13 48 52 69 5 63 1 10 41 57 36 91 85 74 92 54 65 25 55 16 9 21 6 99 0 11 90 4 20 39 15 37 96 29 3 94 2 75 61 95 24 26 87 32 62 84 18 7 49 
TEST 69 ARG:37 83 33 31 27 44 15 3 19 22 94 84 95 0 2 42 76 80 72 21 47 60 45 87 89 13 99 79 75 52 17 98 63 49 6 82 68 4 1 7 73 77 85 90 14 48 70 50 46 93 20 96 12 36 26 25 56 24 92 43 59 11 38 74 86 81 9 57 28 69 41 97 18 67 51 39 91 61 34 16 30 78 8 88 5 53 40 58 62 71 64 23 54 65 32 10 35 66 55 29 
TEST 69 ARG:37 83 33 31 27 44 15 3 19 22 94 84 95 0 2 42 76 80 72 21 47 60 45 87 89 13 99 79 75 52 17 98 63 49 6 82 68 4 1 7 73 77 85 90 14 48 70 50 46 93 20 96 12 36 26 25 56 24 92 43 59 11 38 74 86 81 9 57 28 69 41 97 18 67 51 39 91 61 34 16 30 78 8 88 5 53 40 58 62 71 64 23 54 65 32 10 35 66 55 29 
TEST 70 ARG:28 7 85 58 25 95 19 66 18 81 97 27 36 75 98 2 73 87 1 80 56 61 0 41 13 64 86 16 22 4 78 30 59 49 39 79 70 83 71 17 21 65 31 3 54 60 50 89 92 42 23 62 9 99 10 88 12 67 46 8 6 47 74 15 32 45 76 77 14 35 44 43 68 29 33 5 91 69 51 96 34 72 24 90 11 40 84 52 55 94 48 57 37 82 63 20 26 93 53 38 
TEST 70 ARG:28 7 85 58 25 95 19 66 18 81 97 27 36 75 98 2 73 87 1 80 56 61 0 41 13 64 86 16 22 4 78 30 59 49 39 79 70 83 71 17 21 65 31 3 54 60 50 89 92 42 23 62 9 99 10 88 12 67 46 8 6 47 74 15 32 45 76 77 14 35 44 43 68 29 33 5 91 69 51 96 34 72 24 90 11 40 84 52 55 94 48 57 37 82 63 20 26 93 53 38 
TEST 71 ARG:17 83 90 3 97 84 46 20 24 77 43 4 21 49 1 42 37 55 73 13 44 23 14 62 99 89 0 61 78 59 96 64 93 28 11 79 65 41 5 70 60 74 33 50 9 81 67 22 18 12 86 25 26 76 40 57 27 6 16 56 39 71 47 88 52 82 80 68 45 30 91 15 35 10 31 36 72 32 29 66 19 53 54 92 8 85 58 95 63 34 38 2 48 98 69 7 75 51 87 94 
TEST 71 ARG:17 83 90 3 97 84 46 20 24 77 43 4 21 49 1 42 37 55 73 13 44 23 14 62 99 89 0 61 78 59 96 64 93 28 11 79 65 41 5 70 60 74 33 50 9 81 67 22 18 12 86 25 26 76 40 57 27 6 16 56 39 71 47 88 52 82 80 68 45 30 91 15 35 10 31 36 72 32 29 66 19 53 54 92 8 85 58 95 63 34 38 2 48 98 69 7 75 51 87 94 
TEST 72 ARG:81 86 53 0 23 14 43 91 42 37 18 35 47 85 57 51 12 93 63 2 6 89 87 24 88 80 59 29 73 68 26 78 97 16 19 39 77 72 58 83 44 40 34 38 27 20 1 15 98 52 25 5 49 65 31 82 7 36 70 22 30 69 79 46 54 50 21 56 96 71 84 13 48 41 94 90 28 4 33 55 76 74 9 66 62 11 64 67 92 17 95 75 99 8 45 3 61 60 10 32 
TEST 72 ARG:81 86 53 0 23 14 43 91 42 37 18 35 47 85 57 51 12 93 63 2 6 89 87 24 88 80 59 29 73 68 26 78 97 16 19 39 77 72 58 83 44 40 34 38 27 20 1 15 98 52 25 5 49 65 31 82 7 36 70 22 30 69 79 46 54 50 21 56 96 71 84 13 48 41 94 90 28 4 33 55 76 74 9 66 62 11 64 67 92 17 95 75 99 8 45 3 61 60 10 32 
TEST 73 ARG:48 15 78 94 56 91 53 81 29 41 75 59 55 31 57 92 96 14 16 68 58 72 32 80 64 83 50 38 67 33 27 28 47 36 5 49 2 44 39 19 54 12 30 97 87 0 70 24 89 34 95 6 43 85 26 3 42 79 84 71 51 99 74 45 13 63 61 77 11 76 66 17 52 25 98 73 93 4 40 90 35 8 22 88 20 23 9 46 65 21 62 37 1 18 7 60 69 10 82 86 
TEST 73 ARG:48 15 78 94 56 91 53 81 29 41 75 59 55 31 57 92 96 14 16 68 58 72 32 80 64 83 50 38 67 33 27 28 47 36 5 49 2 44 39 19 54 12 30 97 87 0 70 24 89 34 95 6 43 85 26 3 42 79 84 71 51 99 74 45 13 63 61 77 11 76 66 17 52 25 98 73 93 4 40 90 35 8 22 88 20 23 9 46 65 21 62 37 1 18 7 60 69 10 82 86 
TEST 74 ARG:45 91 71 69 97 15 73 75 17 34 47 44 53 5 61 92 86 14 23 22 77 88 35 30 55 60 26 87 90 32 54 8 0 76 36 33 3 58 43 48 18 64 94 79 10 21 27 84 11 51 70 93 89 67 38 24 13 68 25 41 82 83 78 63 65 16 19 4 12 31 95 40 1 9 85 2 62 96 6 81 37 59 46 50 7 52 56 20 39 74 66 42 80 99 72 98 49 28 57 29 
TEST 74 ARG:45 91 71 69 97 15 73 75 17 34 47 44 53 5 61 92 86 14 23 22 77 88 35 30 55 60 26 87 90 32 54 8 0 76 36 33 3 58 43 48 18 64 94 79 10 21 27 84 11 51 70 93 89 67 38 24 13 68 25 41 82 83 78 63 65 16 19 4 12 31 95 40 1 9 85 2 62 96 6 81 37 59 46 50 7 52 56 20 39 74 66 42 80 99 72 98 49 28 57 29 
TEST 75 ARG:86 88 48 13 62 40 2 54 19 16 44 12 21 18 56 30 31 69 52 43 45 84 47 91 29 90 23 5 99 64 0 63 66 67 42 97 92 20 95 32 14 17 79 72 81 28 87 61 70 35 68 83 4 58 33 11 96 89 71 51 10 9 49 34 24 27 85 6 76 53 39 26 22 41 77 57 1 93 59 50 82 15 36 60 80 55 78 94 7 38 25 98 37 46 73 65 3 75 74 8 
TEST 75 ARG:86 88 48 13 62 40 2 54 19 16 44 12 21 18 56 30 31 69 52 43 45 84 47 91 29 90 23 5 99 64 0 63 66 67 42 97 92 20 95 32 14 17 79 72 81 28 87 61 70 35 68 83 4 58 33 11 96 89 71 51 10 9 49 34 24 27 85 6 76 53 39 26 22 41 77 57 1 93 59 50 82 15 36 60 80 55 78 94 7 38 25 98 37 46 73 65 3 75 74 8 
TEST 76 ARG:52 7 28 36 85 78 40 72 33 96 22 26 79 5 47 43 11 64 50 3 93 77 95 0 89 58 87 17 14 27 15 16 51 6 82 13 29 56 30 31 57 4 71 54 12 1 80 83 62 94 81 23 66 76 41 73 32 68 45 99 61 59 20 69 75 88 74 18 67 46 2 21 97 49 37 60 8 70 42 19 25 65 86 9 38 24 91 92 35 55 48 44 34 63 90 39 98 84 53 10 
TEST 76 ARG:52 7 28 36 85 78 40 72 33 96 22 26 79 5 47 43 11 64 50 3 93 77 95 0 89 58 87 17 14 27 15 16 51 6 82 13 29 56 30 31 57 4 71 54 12 1 80 83 62 94 81 23 66 76 41 73 32 68 45 99 61 59 20 69 75 88 74 18 67 46 2 21 97 49 37 60 8 70 42 19 25 65 86 9 38 24 91 92 35 55 48 44 34 63 90 39 98 84 53 10 
TEST 77 ARG:96 78 35 24 50 9 47 61 65 37 59 43 5 23 89 41 98 64 45 71 56 17 93 26 29 91 11 74 73 67 82 69 86 62 1 3 22 51 36 6 28 84 60 85 88 63 80 54 46 76 90 7 66 81 55 38 79 14 16 8 49 18 12 52 72 33 34 97 48 75 27 58 2 77 70 95 32 99 13 68 20 39 87 40 0 57 53 15 25 94 19 10 31 83 92 44 21 42 30 4 
TEST 77 ARG:96 78 35 24 50 9 47 61 65 37 59 43 5 23 89 41 98 64 45 71 56 17 93 26 29 91 11 74 73 67 82 69 86 62 1 3 22 51 36 6 28 84 60 85 88 63 80 54 46 76 90 7 66 81 55 38 79 14 16 8 49 18 12 52 72 33 34 97 48 75 27 58 2 77 70 95 32 99 13 68 20 39 87 40 0 57 53 15 25 94 19 10 31 83 92 44 21 42 30 4 
TEST 78 ARG:73 23 74 79 1 52 31 9 53 45 50 35 16 7 47 58 81 36 55 61 22 26 59 38 78 97 32 6 90 87 57 71 70 77 92 37 20 27 3 17 86 8 18 2 62 93 54 46 66 40 34 25 11 28 42 88 65 94 63 68 10 39 89 29 64 51 13 14 82 48 43 72 85 21 60 24 4 98 76 99 30 0 69 56 33 5 44 41 67 15 75 91 80 95 84 49 12 83 19 96 
TEST 78 ARG:73 23 74 79 1 52 31 9 53 45 50 35 16 7 47 58 81 36 55 61 22 26 59 38 78 97 32 6 90 87 57 71 70 77 92 37 20 27 3 17 86 8 18 2 62 93 54 46 66 40 34 25 11 28 42 88 65 94 63 68 10 39 89 29 64 51 13 14 82 48 43 72 85 21 60 24 4 98 76 99 30 0 69 56 33 5 44 41 67 15 75 91 80 95 84 49 12 83 19 96 
TEST 79 ARG:37 58 31 1 74 32 90 94 2 87 42 50 21 75 9 65 26 40 19 66 93 67 59 56 72 6 97 23 85 96 33 70 28 20 68 91 39 88 35 54 11 61 76 0 86 69 60 15 49 95 89 4 62 27 8 3 30 81 44 34 5 77 10 46 22 47 82 55 24 64 16 41 53 7 92 51 38 29 71 17 57 79 12 36 99 98 63 78 18 43 14 48 80 73 13 84 45 83 25 52 
TEST 79 ARG:37 58 31 1 74 32 90 94 2 87 42 50 21 75 9 65 26 40 19 66 93 67 59 56 72 6 97 23 85 96 33 70 28 20 68 91 39 88 35 54 11 61 76 0 86 69 60 15 49 95 89 4 62 27 8 3 30 81 44 34 5 77 10 46 22 47 82 55 24 64 16 41 53 7 92 51 38 29 71 17 57 79 12 36 99 98 63 78 18 43 14 48 80 73 13 84 45 83 25 52 
TEST 80 ARG:3 68 15 79 57 0 87 36 72 80 33 54 75 78 89 71 70 40 56 42 77 74 2 34 55 1 4 52 48 20 66 38 73 95 14 59 60 22 30 50 99 86 65 61 9 39 32 29 7 23 93 92 47 5 17 97 62 96 82 21 51 6 26 37 91 84 12 49 94 69 44 28 8 67 43 35 25 24 41 46 31 76 13 98 64 83 19 45 27 11 88 58 53 16 63 85 10 90 18 81 
TEST 80 ARG:3 68 15 79 57 0 87 36 72 80 33 54 75 78 89 71 70 40 56 42 77 74 2 34 55 1 4 52 48 20 66 38 73 95 14 59 60 22 30 50 99 86 65 61 9 39 32 29 7 23 93 92 47 5 17 97 62 96 82 21 51 6 26 37 91 84 12 49 94 69 44 28 8 67 43 35 25 24 41 46 31 76 13 98 64 83 19 45 27 11 88 58 53 16 63 85 10 90 18 81 
TEST 81 ARG:16 13 79 5 25 31 53 99 82 11 60 94 41 37 65 97 33 45 12 1 59 55 18 4 66 49 10 90 8 56 3 35 48 64 26 47 32 44 57 42 0 96 73 88 92 70 76 21 43 89 40 98 87 58 38 86 27 2 7 67 81 34 71 9 15 62 91 80 29 78 6 54 68 84 63 36 77 69 23 39 51 30 75 93 61 17 74 46 95 83 72 19 24 22 50 85 52 14 20 28 
TEST 81 ARG:16 13 79 5 25 31 53 99 82 11 60 94 41 37 65 97 33 45 12 1 59 55 18 4 66 49 10 90 8 56 3 35 48 64 26 47 32 44 57 42 0 96 73 88 92 70 76 21 43 89 40 98 87 58 38 86 27 2 7 67 81 34 71 9 15 62 91 80 29 78 6 54 68 84 63 36 77 69 23 39 51 30 75 93 61 17 74 46 95 83 72 19 24 22 50 85 52 14 20 28 
TEST 82 ARG:64 45 69 10 70 81 15 66 77 83 12 74 52 61 79 93 76 84 65 67 11 26 8 40 47 71 54 33 56 50 91 4 32 28 41 3 22 18 31 20 30 55 96 25 89 42 80 68 19 48 1 49 37 23 75 87 78 21 98 92 2 59 27 35 73 7 63 0 5 90 17 62 14 72 34 82 57 13 38 88 9 39 95 24 29 60 44 99 36 46 86 53 6 94 97 51 85 16 58 43 
TEST 82 ARG:64 45 69 10 70 81 15 66 77 83 12 74 52 61 79 93 76 84 65 67 11 26 8 40 47 71 54 33 56 50 91 4 32 28 41 3 22 18 31 20 30 55 96 25 89 42 80 68 19 48 1 49 37 23 75 87 78 21 98 92 2 59 27 35 73 7 63 0 5 90 17 62 14 72 34 82 57 13 38 88 9 39 95 24 29 60 44 99 36 46 86 53 6 94 97 51 85 16 58 43 
TEST 83 ARG:7 21 63 11 10 79 48 91 13 61 1 65 40 32 6 98 53 45 72 25 44 15 22 54 70 14 82 57 80 68 84 46 18 2 51 75 64 74 92 19 31 38 17 23 78 50 35 99 24 52 49 5 76 9 4 69 20 85 39 97 37 81 87 30 28 62 67 93 12 95 55 77 83 60 33 3 8 96 89 59 90 16 41 47 36 27 66 56 58 43 71 34 0 42 73 94 26 88 29 86 
TEST 83 ARG:7 21 63 11 10 79 48 91 13 61 1 65 40 32 6 98 53 45 72 25 44 15 22 54 70 14 82 57 80 68 84 46 18 2 51 75 64 74 92 19 31 38 17 23 78 50 35 99 24 52 49 5 76 9 4 69 20 85 39 97 37 81 87 30 28 62 67 93 12 95 55 77 83 60 33 3 8 96 89 59 90 16 41 47 36 27 66 56 58 43 71 34 0 42 73 94 26 88 29 86 
TEST 84 ARG:79 97 62 91 57 56 65 61 42 70 58 33 26 11 51 76 60 35 30 82 5 21 50 83 84 29 74 47 80 72 25 23 44 32 37 68 46 98 85 12 81 14 77 71 27 73 3 28 99 66 48 59 17 41 20 18 1 4 15 8 16 22 10 43 63 78 86 2 89 75 88 7 13 90 34 9 64 6 55 24 49 69 19 87 36 40 45 0 38 54 52 96 31 94 93 67 92 53 39 95 
TEST 84 ARG:79 97 62 91 57 56 65 61 42 70 58 33 26 11 51 76 60 35 30 82 5 21 50 83 84 29 74 47 80 72 25 23 44 32 37 68 46 98 85 12 81 14 77 71 27 73 3 28 99 66 48 59 17 41 20 18 1 4 15 8 16 22 10 43 63 78 86 2 89 75 88 7 13 90 34 9 64 6 55 24 49 69 19 87 36 40 45 0 38 54 52 96 31 94 93 67 92 53 39 95 
TEST 85 ARG:90 54 81 2 83 45 78 31 52 0 63 53 7 64 38 22 73 82 40 62 3 15 49 61 89 44 65 86 12 18 60 24 36 93 34 8 71 68 57 66 72 5 46 94 99 43 87 98 25 32 9 11 41 59 37 67 88 58 97 1 47 96 30 10 19 74 27 42 39 23 75 35 17 4 85 16 20 91 95 48 6 76 70 51 79 55 13 56 14 26 77 92 28 50 80 29 69 84 21 33 
TEST 85 ARG:90 54 81 2 83 45 78 31 52 0 63 53 7 64 38 22 73 82 40 62 3 15 49 61 89 44 65 86 12 18 60 24 36 93 34 8 71 68 57 66 72 5 46 94 99 43 87 98 25 32 9 11 41 59 37 67 88 58 97 1 47 96 30 10 19 74 27 42 39 23 75 35 17 4 85 16 20 91 95 48 6 76 70 51 79 55 13 56 14 26 77 92 28 50 80 29 69 84 21 33 
TEST 86 ARG:89 79 75 32 22 6 40 57 47 63 49 16 1 51 88 35 33 74 20 30 27 43 80 84 54 15 86 11 66 77 93 0 17 2 46 45 4 10 98 28 59 90 60 42 8 3 19 96 67 23 31 29 53 38 62 9 61 69 97 70 39 87 92 12 37 52 78 76 48 18 34 50 91 13 25 68 94 99 73 81 58 5 83 71 14 24 44 95 55 56 7 82 85 41 72 26 65 64 36 21 
TEST 86 ARG:89 79 75 32 22 6 40 57 47 63 49 16 1 51 88 35 33 74 20 30 27 43 80 84 54 15 86 11 66 77 93 0 17 2 46 45 4 10 98 28 59 90 60 42 8 3 19 96 67 23 31 29 53 38 62 9 61 69 97 70 39 87 92 12 37 52 78 76 48 18 34 50 91 13 25 68 94 99 73 81 58 5 83 71 14 24 44 95 55 56 7 82 85 41 72 26 65 64 36 21 
TEST 87 ARG:10 91 32 96 22 75 84 95 92 94 43 15 89 88 42 28 49 31 68 11 51 35 77 80 98 72 25 60 8 33 21 27 93 86 19 73 97 7 58 52 79 48 63 70 45 57 71 34 40 24 38 30 85 39 66 65 6 64 41 90 16 83 53 3 0 62 47 12 29 82 37 23 4 76 50 99 46 61 36 56 1 5 44 54 67 59 20 9 55 14 26 18 74 17 13 2 81 78 87 69 
TEST 87 ARG:10 91 32 96 22 75 84 95 92 94 43 15 89 88 42 28 49 31 68 11 51 35 77 80 98 72 25 60 8 33 21 27 93 86 19 73 97 7 58 52 79 48 63 70 45 57 71 34 40 24 38 30 85 39 66 65 6 64 41 90 16 83 53 3 0 62 47 12 29 82 37 23 4 76 50 99 46 61 36 56 1 5 44 54 67 59 20 9 55 14 26 18 74 17 13 2 81 78 87 69 
TEST 88 ARG:12 97 24 40 78 67 22 87 36 74 25 19 64 20 71 62 5 76 8 98 56 51 52 10 11 6 32 48 81 49 83 95 1 4 92 21 33 84 27 93 44 60 82 90 43 17 2 23 34 85 13 99 46 31 89 70 18 86 16 15 57 80 79 47 68 53 55 58 91 66 73 96 45 37 77 14 72 30 54 69 88 94 65 28 42 29 26 3 63 38 35 75 7 39 59 41 0 9 61 50 
TEST 88 ARG:12 97 24 40 78 67 22 87 36 74 25 19 64 20 71 62 5 76 8 98 56 51 52 10 11 6 32 48 81 49 83 95 1 4 92 21 33 84 27 93 44 60 82 90 43 17 2 23 34 85 13 99 46 31 89 70 18 86 16 15 57 80 79 47 68 53 55 58 91 66 73 96 45 37 77 14 72 30 54 69 88 94 65 28 42 29 26 3 63 38 35 75 7 39 59 41 0 9 61 50 
TEST 89 ARG:36 62 90 5 87 72 60 79 0 17 24 82 46 88 86 65 8 71 97 12 29 80 1 18 44 50 78 70 52 42 32 54 25 13 96 75 59 11 48 83 58 95 91 55 38 6 92 4 41 74 98 68 43 81 16 15 73 49 51 61 57 89 27 22 94 69 63 2 40 23 21 77 67 76 47 10 26 93 3 28 35 85 64 30 14 84 34 20 37 7 66 31 9 19 99 39 53 56 45 33 
TEST 89 ARG:36 62 90 5 87 72 60 79 0 17 24 82 46 88 86 65 8 71 97 12 29 80 1 18 44 50 78 70 52 42 32 54 25 13 96 75 59 11 48 83 58 95 91 55 38 6 92 4 41 74 98 68 43 81 16 15 73 49 51 61 57 89 27 22 94 69 63 2 40 23 21 77 67 76 47 10 26 93 3 28 35 85 64 30 14 84 34 20 37 7 66 31 9 19 99 39 53 56 45 33 
